
8.026354704099804E-5
7.572290589678237E-5
7.533117547934544E-5
7.483381367176134E-5
7.407719385098E-5
7.30170001295856E-5
7.190984146775236E-5
7.1046397931816E-5
7.031033278927805E-5
6.928160334322971E-5
6.732491575452257E-5
6.390040409607311E-5
5.8823890559116254E-5
5.1673871587853145E-5
4.850956812949628E-5
4.583835522828078E-5
4.376996984891511E-5
4.22708937412739E-5
4.1186937658093566E-5
4.039090351562665E-5
3.979534628325234E-5
3.933524084932324E-5
3.89635131419333E-5
3.8649248445679694E-5
3.8372459785331544E-5
3.811881641702056E-5
3.787626566726739E-5
3.7633346777075375E-5
3.737903414648839E-5

